,City,Cloudiness,Country,Date,Humidity,Lat,Lng,Max Temp,Wind Speed
0,punta arenas,1,PH,1586610785,74,8.99,125.34,77.68,3.98
1,maragogi,60,BR,1586611260,66,-9.01,-35.22,85.05,7.7
2,ribeira grande,75,ES,1586610796,76,42.75,-8.44,61.0,4.7
3,saint-joseph,40,RE,1586611260,65,-21.37,55.62,80.6,26.4
4,bilma,90,NE,1586611260,9,18.69,12.92,96.19,12.46
5,ushuaia,40,AR,1586610546,60,-54.8,-68.3,42.8,4.7
6,khatanga,100,RU,1586610796,95,71.97,102.5,16.68,17.92
7,nurota,100,UZ,1586611261,72,40.56,65.69,66.2,16.11
8,nsoko,28,SZ,1586611261,57,-27.03,31.95,80.6,8.23
9,pangnirtung,100,CA,1586610667,84,66.15,-65.71,18.54,2.19
10,noumea,46,NC,1586611261,83,-22.28,166.46,69.8,2.24
11,rikitea,86,PF,1586610788,75,-23.12,-134.97,76.86,6.22
12,kaitangata,24,NZ,1586610776,75,-46.28,169.85,52.34,4.5
13,katsuura,75,JP,1586610771,58,35.13,140.3,55.4,13.87
14,bredasdorp,100,ZA,1586610780,41,-34.53,20.04,77.0,4.7
15,puerto ayora,92,ES,1586610803,49,36.59,-6.23,75.2,5.82
16,hobart,40,AU,1586610773,76,-42.88,147.33,51.8,8.05
17,georgetown,20,MY,1586610603,70,5.41,100.34,87.8,4.7
18,albany,40,US,1586610598,52,42.6,-73.97,41.0,19.46
19,kodiak,90,US,1586610595,80,57.79,-152.41,39.2,13.87
20,busselton,99,AU,1586610773,43,-33.65,115.33,72.0,5.01
21,port elizabeth,31,CD,1586610802,50,-7.03,29.76,79.92,9.28
22,vaini,20,TO,1586610776,93,-21.2,-175.2,66.2,2.24
23,tagusao,33,PH,1586610805,76,9.19,117.81,81.91,3.76
24,sola,20,VU,1586611262,94,-13.88,167.55,77.0,13.82
25,bela,7,IN,1586611262,12,25.93,81.98,100.2,12.84
26,sawtell,69,AU,1586611262,82,-30.38,153.1,66.2,4.7
27,bambous virieux,40,MU,1586610846,69,-20.26,57.41,81.0,13.87
28,itarema,100,BR,1586610812,77,-2.92,-39.92,83.26,4.97
29,kavaratti,38,IN,1586611262,66,10.57,72.64,85.44,2.24
30,jacareacanga,100,BR,1586611262,93,-6.22,-57.75,74.71,2.04
31,barrow,1,US,1586610807,75,71.29,-156.79,-20.2,10.29
32,uyuni,0,BO,1586611262,14,-20.46,-66.83,41.43,9.55
33,santa rosa,4,PH,1586610842,76,17.49,120.43,79.14,1.01
34,edd,53,ER,1586611262,61,13.93,41.69,86.95,12.66
35,yellowknife,20,CA,1586610676,84,62.46,-114.35,1.0,8.05
36,severo-kurilsk,19,RU,1586610841,94,50.68,156.12,30.7,12.03
37,oistins,40,BB,1586611263,55,13.07,-59.53,86.0,14.99
38,zverinogolovskoye,98,RU,1586611263,66,54.46,64.85,48.24,5.1
39,hasaki,75,JP,1586610840,61,35.73,140.83,50.0,6.93
40,dikson,81,RU,1586610777,95,73.51,80.55,10.71,10.25
41,hermanus,100,ZA,1586610773,73,-34.42,19.23,73.99,3.0
42,tuatapere,100,NZ,1586610792,74,-46.13,167.68,53.01,1.99
43,liverpool,66,GB,1586611143,63,53.41,-2.98,70.0,11.41
44,svetlograd,75,RU,1586611263,53,45.34,42.85,53.01,24.61
45,butaritari,98,KI,1586610809,77,3.07,172.79,84.09,11.05
46,jamestown,90,US,1586610519,80,42.1,-79.24,37.4,9.17
47,thompson,75,CA,1586610787,67,55.74,-97.86,17.6,5.82
48,komsomolets,100,KZ,1586611062,43,53.75,62.07,52.74,10.65
49,poquoson,1,US,1586611263,37,37.12,-76.35,51.8,4.7
50,cape town,20,CL,1586610773,100,-36.41,-71.9,46.4,4.7
51,northam,97,GB,1586610845,51,51.03,-4.22,68.0,3.0
52,sumbe,20,AO,1586610862,64,-11.21,13.84,86.0,6.93
53,macau,40,MO,1586611102,100,22.2,113.55,75.0,3.36
54,anadyr,40,RU,1586610787,77,64.75,177.48,1.4,8.95
55,bergen,75,NO,1586611264,93,60.39,5.33,44.01,13.87
56,san cristobal,35,ML,1586610824,18,13.3,-4.9,102.65,7.7
57,avarua,96,CK,1586610785,94,-21.21,-159.78,80.6,4.7
58,pitimbu,40,BR,1586611264,62,-7.47,-34.81,87.8,11.41
59,castro,91,BR,1586610773,60,-24.79,-50.01,59.88,4.81
60,geraldton,16,AU,1586610811,83,-28.77,114.6,75.2,8.05
61,pevek,100,RU,1586610818,92,69.7,170.31,7.81,12.62
62,port alfred,31,CD,1586610793,50,-7.03,29.76,79.92,9.28
63,sulphur,1,US,1586611125,67,30.24,-93.38,59.0,8.05
64,chokurdakh,85,RU,1586610792,97,70.63,147.92,26.51,16.2
65,oristano,5,IT,1586611265,25,39.9,8.6,73.4,10.29
66,mpika,100,ZM,1586610834,49,-11.83,31.45,71.31,9.64
67,chalmette,1,US,1586611265,67,29.94,-89.96,66.2,5.82
68,torbay,75,CA,1586610802,86,47.67,-52.73,41.0,13.87
69,kachiry,51,KZ,1586611207,45,53.07,76.1,55.81,3.15
70,bousso,100,TD,1586611265,12,10.48,16.71,92.7,1.36
71,atuona,77,PF,1586610772,75,-9.8,-139.03,81.81,9.44
72,asau,91,RO,1586611265,25,46.43,26.4,61.0,8.05
73,okhotsk,67,RU,1586610773,97,59.38,143.3,27.63,5.1
74,lesnoye,91,RU,1586611266,66,58.28,35.52,38.55,9.73
75,deputatskiy,74,RU,1586610861,92,69.3,139.9,24.04,16.17
76,victoria,40,HK,1586610768,83,22.29,114.16,75.2,3.36
77,qaanaaq,69,GL,1586610802,74,77.48,-69.36,8.29,7.56
78,mar del plata,90,ES,1586610794,100,43.4,-4.01,59.0,8.05
79,coahuayana,40,MX,1586610860,38,18.73,-103.68,77.0,3.09
80,marshall,1,US,1586611266,75,34.38,-86.33,46.4,3.22
81,gezing,20,AT,1586611266,34,47.92,13.13,71.01,5.82
82,arlit,100,NE,1586611266,7,18.74,7.39,100.06,6.8
83,gizo,90,SB,1586611266,79,-8.1,156.84,82.27,8.21
84,adrar,0,MR,1586610777,14,20.5,-10.07,93.36,16.08
85,leningradskiy,99,RU,1586610798,82,69.38,178.42,7.43,6.87
86,itupiranga,75,BR,1586611267,83,-5.13,-49.33,82.4,2.24
87,batagay,66,RU,1586611267,91,67.63,134.63,27.05,8.05
88,mataura,75,NZ,1586610772,74,-46.19,168.86,53.01,1.99
89,atar,0,MR,1586610829,15,20.52,-13.05,93.2,11.41
90,manica,0,FR,1586611267,36,49.0,-1.17,75.2,2.24
91,rudbar,87,AF,1586611267,16,30.15,62.6,92.08,0.74
92,liseleje,100,DK,1586611267,69,56.01,11.95,55.0,10.29
93,hachinohe,75,JP,1586611267,80,40.5,141.5,42.01,3.36
94,narsaq,75,GL,1586611267,36,60.92,-46.05,46.4,6.93
95,tasiilaq,40,GL,1586610771,50,65.61,-37.64,30.2,29.97
96,skjervoy,100,NO,1586611267,85,70.03,20.97,33.89,21.83
97,bima,86,ID,1586610841,82,-8.47,118.72,76.78,1.3
98,carballo,75,ES,1586611267,93,43.21,-8.69,61.0,2.24
99,valparaiso,90,CL,1586611255,100,-33.04,-71.63,57.2,3.36
100,sebeta,40,ET,1586611268,32,8.92,38.62,80.6,16.11
101,srbac,20,BA,1586611268,28,45.1,17.52,71.6,4.7
102,esmeraldas,75,BR,1586611268,78,-19.76,-44.31,75.2,8.05
103,saint-philippe,20,RE,1586610774,69,-21.36,55.77,82.4,20.8
104,grindavik,75,IS,1586610827,86,63.84,-22.43,42.8,12.75
105,korla,21,CN,1586611268,14,41.76,86.15,69.39,7.05
106,murmashi,96,RU,1586611268,50,68.82,32.81,30.2,8.95
107,lavrentiya,99,RU,1586610803,98,65.58,-171.0,27.1,6.33
108,ulladulla,0,AU,1586611219,44,-35.35,150.47,57.2,17.22
109,tiksi,55,RU,1586610833,95,71.69,128.87,27.77,18.66
110,tenenkou,7,ML,1586611268,17,14.46,-4.92,103.98,8.77
111,burnie,4,AU,1586611268,70,-41.07,145.92,53.01,7.0
112,hilo,20,US,1586610792,82,19.73,-155.09,68.0,3.36
113,kununurra,75,AU,1586610862,74,-15.77,128.73,78.8,4.7
114,codrington,82,AU,1586610829,77,-38.27,141.97,52.54,14.16
115,luanda,20,AO,1586610740,66,-8.84,13.23,87.8,10.29
116,new norfolk,85,LR,1586610662,53,6.65,-10.59,90.37,2.35
117,morinville,1,CA,1586611017,67,53.8,-113.65,19.0,8.05
118,xiuyan,38,CN,1586611269,37,40.29,123.27,52.95,6.8
119,fort beaufort,64,NL,1586611269,31,52.65,6.39,69.01,4.7
120,yumen,41,CN,1586611269,13,40.28,97.2,57.52,17.6
121,mareeba,90,AU,1586611269,94,-17.0,145.43,75.2,2.24
122,fortuna,90,US,1586610777,100,40.6,-124.16,52.0,7.25
123,cheremukhovo,100,RU,1586611269,84,60.35,59.99,39.74,8.37
124,east london,90,IS,1586610781,100,65.0,-15.0,33.8,14.99
125,kruisfontein,100,ZA,1586610812,30,-34.0,24.73,80.6,2.91
126,half moon bay,82,LR,1586611269,57,6.38,-10.7,89.17,3.18
127,touros,40,BR,1586610812,83,-5.2,-35.46,80.6,11.41
128,arraial do cabo,74,BR,1586610776,60,-22.84,-46.65,68.0,13.87
129,wagar,32,SD,1586611270,12,16.15,36.2,101.19,17.45
130,dehui,0,CN,1586611270,51,44.53,125.7,39.2,4.47
131,sistranda,100,NO,1586611270,70,63.73,8.83,45.0,14.99
132,holetown,40,BB,1586611270,55,13.19,-59.64,86.0,14.99
133,bilibino,100,RU,1586611270,86,68.05,166.44,7.47,3.04
134,ust-kuyga,100,RU,1586610817,91,70.02,135.6,30.67,17.54
135,bayshore gardens,1,US,1586611270,37,34.29,-77.79,53.6,6.93
136,tyumentsevo,10,RU,1586611075,70,53.32,81.5,41.23,5.64
137,kjopsvik,100,NO,1586611271,74,68.1,16.37,37.0,29.97
138,cherskiy,99,RU,1586610774,97,68.75,161.3,13.84,9.37
139,mayo,1,US,1586611271,49,38.89,-76.51,48.2,4.7
140,willmar,1,US,1586611271,69,45.12,-95.04,37.99,2.51
141,lolodorf,100,CM,1586611271,82,3.23,10.73,67.6,6.8
142,banepa,75,NP,1586610850,77,27.63,85.52,64.4,6.93
143,kapaa,1,US,1586610773,77,22.08,-159.32,75.2,6.93
144,trairi,94,BR,1586611271,77,-3.28,-39.27,83.21,5.61
145,zlobin,20,HR,1586611271,23,45.29,14.65,75.2,4.7
146,cabo san lucas,40,BR,1586610822,70,-8.28,-35.03,86.0,8.05
147,chuy,9,UY,1586610827,76,-33.7,-53.46,64.18,3.44
148,ahipara,49,NZ,1586611271,77,-35.17,173.17,61.83,8.99
149,huilong,100,CN,1586611272,85,31.81,121.66,55.0,15.48
150,tateyama,75,JP,1586611272,71,34.98,139.87,53.6,11.41
151,ambilobe,4,MG,1586611272,58,-13.2,49.05,89.17,8.41
152,bluff,91,NZ,1586610772,74,-46.6,168.33,53.01,1.99
153,arkhara,12,RU,1586611272,50,49.42,130.08,46.33,5.5
154,mys shmidta,92,RU,1586610773,83,62.06,48.62,33.35,2.46
155,mahebourg,40,MU,1586610794,69,-20.41,57.7,81.0,13.87
156,vohringen,3,DE,1586611272,34,48.28,10.08,70.0,5.82
157,lebu,3,CL,1586610787,81,-37.62,-73.65,52.66,11.14
158,nanortalik,56,GL,1586610786,84,60.14,-45.24,34.72,7.58
159,amarpur,0,IN,1586611273,10,25.03,86.9,97.45,2.57
160,jawhar,78,SO,1586611273,43,2.78,45.5,93.52,13.67
161,saskylakh,80,RU,1586610830,94,71.92,114.08,18.93,20.89
162,gamba,100,GA,1586611273,91,-2.65,10.0,77.56,5.82
163,guerrero negro,5,MX,1586610772,26,17.67,-100.0,67.73,0.49
164,ponta do sol,20,PT,1586610819,77,38.73,-28.27,64.4,4.7
165,tezu,0,IN,1586611145,25,27.92,96.17,79.32,1.7
166,baiyin,0,CN,1586611273,10,36.56,104.21,50.0,6.71
167,watsa,78,CD,1586611273,33,3.04,29.54,89.42,4.21
168,upernavik,7,GL,1586610814,83,72.79,-56.15,14.61,8.52
169,pisco,90,PE,1586610860,30,-13.7,-76.22,71.6,3.36
170,muroto,88,JP,1586611273,67,33.28,134.15,53.67,4.18
171,ust-omchug,100,RU,1586611274,90,61.15,149.63,20.79,4.54
172,tangshan,17,CN,1586611182,35,39.63,118.18,54.68,2.64
173,hervey bay,1,US,1586610831,70,33.5,-93.78,48.2,4.85
174,valdosta,1,US,1586611274,50,30.83,-83.28,55.0,5.82
175,provideniya,100,RU,1586610818,96,64.38,-173.3,22.28,5.84
176,kiama,0,AU,1586610835,44,-34.68,150.87,59.0,17.22
177,muros,75,ES,1586610804,76,42.78,-9.06,63.0,4.7
178,lasa,5,IT,1586610850,36,46.62,10.7,77.0,6.93
179,nikolskoye,75,RU,1586610787,52,59.7,30.79,42.8,20.13
180,durazno,0,UY,1586611274,87,-33.41,-56.5,60.8,6.93
181,nampula,73,MZ,1586611274,64,-15.12,39.27,79.3,8.34
182,etchoropo,8,MX,1586611274,61,26.77,-109.67,61.99,8.37
183,sembe,89,CG,1586611274,62,1.65,14.58,84.97,3.85
184,miri,75,MY,1586611274,88,4.41,114.01,82.4,2.24
185,batagay-alyta,100,RU,1586611274,86,67.8,130.41,23.25,12.15
186,inhambane,40,MZ,1586611274,54,-23.86,35.38,84.2,4.7
187,kildare,20,IE,1586611275,72,53.16,-6.91,68.0,10.29
188,sitka,1,US,1586610810,74,57.05,-135.33,30.2,4.7
189,devonport,1,AU,1586611275,77,-41.17,146.35,53.01,7.0
190,cortez,1,US,1586611275,68,37.35,-108.59,34.0,5.82
191,gweta,62,BW,1586611275,31,-20.18,25.23,82.47,5.35
192,sao filipe,13,IN,1586610778,9,20.51,76.21,98.74,2.3
193,karratha,2,AU,1586610810,56,-20.74,116.85,84.27,9.93
194,akureyri,90,IS,1586611275,93,65.68,-18.09,35.6,6.93
195,quelimane,40,MZ,1586611275,58,-17.88,36.89,86.0,6.93
196,chumikan,19,RU,1586611275,75,54.72,135.31,38.39,7.63
197,vardo,99,NO,1586610796,89,70.37,31.11,30.34,14.85
198,maumere,16,ID,1586611276,75,-8.62,122.21,80.1,5.73
199,camacha,40,PT,1586611276,59,33.08,-16.33,66.2,16.11
200,hokitika,91,NZ,1586611276,77,-42.72,170.97,56.5,9.4
201,shimoda,75,JP,1586610802,66,34.67,138.95,53.6,3.36
202,gigmoto,19,PH,1586611276,76,13.78,124.39,81.9,7.72
203,college,20,US,1586610837,92,64.86,-147.8,24.8,4.7
204,dawlatabad,100,AF,1586611276,32,36.41,64.91,81.55,5.12
205,kahului,1,US,1586610815,78,20.89,-156.47,71.6,12.75
206,taoudenni,0,ML,1586610825,7,22.68,-3.98,102.69,1.9
207,airai,74,TL,1586610792,74,-8.93,125.41,62.47,0.49
208,constitucion,94,CL,1586610836,86,-35.33,-72.42,55.29,4.0
209,kenora,75,CA,1586611276,74,49.82,-94.43,32.0,12.75
210,katherine,59,AU,1586611276,74,-14.47,132.27,78.8,9.17
211,rio grande,20,GR,1586610810,46,38.3,21.78,71.6,4.7
212,shu,91,KZ,1586611277,41,43.6,73.76,62.87,6.29
213,ordynskoye,67,RU,1586611277,91,54.37,81.9,36.99,5.95
214,liwale,81,TZ,1586611277,59,-9.77,37.93,81.0,9.22
215,oranjemund,0,NA,1586611277,49,-28.55,16.43,69.62,8.55
216,fort saint james,64,NL,1586611277,31,52.65,6.39,69.01,4.7
217,naifaru,10,MV,1586611277,67,5.44,73.37,85.46,6.06
218,klaksvik,100,FO,1586610837,93,62.23,-6.59,46.4,20.8
219,abha,40,SA,1586611137,47,18.22,42.51,75.2,14.99
220,drovyanaya,0,RU,1586611277,27,51.58,113.03,37.4,4.47
221,mecca,53,SA,1586611218,16,21.43,39.83,88.86,16.28
222,hay river,70,GB,1586611278,45,52.07,-3.13,71.01,1.99
223,chernyshevskiy,96,RU,1586611278,93,63.01,112.47,28.54,8.03
224,san patricio,35,ML,1586611278,18,13.3,-4.9,102.65,7.7
225,bethel,1,US,1586610784,48,41.37,-73.41,43.0,10.29
226,kantang,20,TH,1586611278,62,7.41,99.52,86.0,2.48
227,comillas,75,PH,1586611278,78,15.4,120.7,80.6,4.7
228,seoul,1,KR,1586610591,66,37.57,126.98,48.2,6.42
229,tuktoyaktuk,59,CA,1586610784,93,69.45,-133.04,-1.21,9.35
230,naze,100,JP,1586610834,82,28.37,129.48,64.4,6.93
231,baoying,68,CN,1586611278,79,33.23,119.31,44.19,7.34
232,nouadhibou,0,MR,1586611278,27,20.93,-17.03,87.8,20.8
233,antofagasta,75,CL,1586610612,82,-23.65,-70.4,62.6,3.36
234,egvekinot,42,RU,1586611278,76,66.32,-179.17,6.82,3.62
235,norman wells,90,US,1586610665,71,35.22,-97.44,59.0,17.22
236,moranbah,86,AU,1586611279,54,-22.0,148.05,77.76,9.8
237,sorland,82,NO,1586610797,79,67.67,12.69,35.08,12.26
238,pasighat,7,IN,1586611279,37,28.07,95.33,78.17,0.43
239,kampot,40,KH,1586611279,74,10.62,104.18,84.2,1.12
240,nemuro,53,JP,1586610804,92,43.32,145.57,31.06,11.18
241,nata,99,PA,1586611279,35,8.33,-80.52,80.01,5.93
242,phalaborwa,96,ZA,1586611279,35,-23.94,31.14,89.6,6.93
243,hithadhoo,97,MV,1586610774,66,-0.6,73.08,85.14,10.2
244,rocha,1,UY,1586611279,76,-34.48,-54.33,63.25,1.34
245,yulara,62,AU,1586610806,18,-25.24,130.99,68.0,4.7
246,beira,40,MZ,1586611279,45,-19.84,34.84,84.2,10.29
247,sur,0,OM,1586611279,28,22.57,59.53,92.93,17.11
248,ziarat,81,PK,1586611280,19,30.38,67.73,63.68,8.93
249,talnakh,40,RU,1586610852,67,69.49,88.4,21.2,13.42
250,jacqueville,20,CI,1586611280,66,5.21,-4.41,87.8,6.93
251,san quintin,35,ML,1586610824,18,13.3,-4.9,102.65,7.7
252,baruun-urt,0,MN,1586611280,28,46.68,113.28,46.06,5.23
253,comodoro rivadavia,25,BR,1586610772,67,-13.66,-59.79,72.81,2.19
254,timizart,41,DZ,1586611280,67,36.8,4.27,59.7,8.19
255,tiznit,100,MA,1586610822,45,29.58,-9.5,71.04,6.85
256,nantucket,1,US,1586611145,56,41.28,-70.1,44.6,20.8
257,saint-ambroise,75,CA,1586611280,69,48.55,-71.33,33.8,17.22
258,nikki,43,BJ,1586611280,20,9.94,3.21,97.12,10.25
259,mount isa,75,GB,1586610815,59,53.66,-1.85,73.0,9.17
260,catuday,6,PH,1586610842,75,16.29,119.81,80.78,7.85
261,rawson,92,AR,1586611096,42,-43.3,-65.1,58.53,21.85
262,faanui,83,PF,1586610808,74,-16.48,-151.75,82.85,9.86
263,kabo,100,CF,1586611281,49,7.7,18.63,87.4,3.85
264,jabinyanah,20,TN,1586611281,64,35.03,10.91,68.0,9.17
265,gloversville,40,US,1586611181,82,43.05,-74.34,41.0,14.99
266,rincon,40,US,1586611281,71,32.3,-81.24,62.6,3.36
267,vasarosnameny,12,HU,1586611281,17,48.13,22.32,66.2,11.18
268,seymchan,100,RU,1586610836,92,62.88,152.43,20.8,7.29
269,kolosovka,26,RU,1586611281,87,56.47,73.61,46.24,5.28
270,ixtapa,40,MX,1586610653,88,20.7,-105.2,66.2,4.7
271,broome,1,US,1586610835,87,42.25,-75.83,34.0,11.41
272,abalak,0,RU,1586611281,68,58.13,68.59,50.41,6.13
273,kavieng,75,PG,1586610832,75,-2.57,150.8,83.98,6.02
274,mindelo,40,CV,1586611281,61,16.89,-24.98,80.6,32.21
275,key largo,90,US,1586611282,70,32.73,-101.8,62.6,4.7
276,chapais,90,CA,1586610674,85,49.78,-74.85,24.8,10.29
277,farsund,100,NO,1586611282,94,58.09,6.8,44.01,11.3
278,eyrarbakki,90,IS,1586611282,75,63.86,-21.15,44.6,12.75
279,san vicente,35,ML,1586610826,18,13.3,-4.9,102.65,7.7
280,vakhtan,99,RU,1586611282,64,57.97,46.69,40.78,4.43
281,hualmay,35,PE,1586610833,83,-11.1,-77.61,71.11,5.79
282,kenitra,75,MA,1586611282,68,34.26,-6.58,68.0,11.41
283,anamur,0,TR,1586611014,38,36.08,32.84,73.4,9.17
284,zheleznodorozhnyy,100,RU,1586610833,51,55.75,38.0,43.0,15.66
285,kamenka,100,RU,1586610772,78,51.32,42.77,43.0,1.01
286,lapeer,1,US,1586611282,69,43.05,-83.32,39.2,4.7
287,barentu,8,ER,1586611282,16,15.11,37.59,97.99,14.76
288,cam ranh,90,AR,1586610810,67,-38.98,-67.82,59.0,11.5
289,port lincoln,31,CD,1586611283,50,-7.03,29.76,79.92,9.28
290,morlaix,0,FR,1586611283,52,48.58,-4.0,75.2,10.29
291,salalah,40,OM,1586610784,70,17.02,54.09,86.0,12.75
292,auki,98,SB,1586611283,76,-8.77,160.7,82.29,4.99
293,arauca,40,CO,1586611283,74,7.08,-70.76,84.2,4.7
294,samarai,66,PG,1586610792,74,-10.62,150.67,79.5,5.86
295,vaitape,83,PF,1586611283,74,-16.52,-151.75,83.71,9.73
296,sri aman,40,MA,1586611283,60,30.04,-8.8,75.2,12.75
297,mabaruma,100,GY,1586611283,68,8.2,-59.78,79.97,7.43
298,porto-vecchio,0,FR,1586611284,27,41.59,9.28,73.4,9.17
299,jalu,23,LY,1586610800,22,29.03,21.55,73.45,6.76
300,clyde river,1,US,1586610828,64,41.3,-82.98,39.99,8.05
301,emba,87,KZ,1586611284,36,48.83,58.14,54.28,10.65
302,eureka,90,US,1586610838,100,40.8,-124.16,52.0,7.61
303,biltine,100,TD,1586611284,8,14.53,20.92,101.03,10.2
304,hernani,75,ES,1586611284,72,43.27,-1.98,66.2,6.93
305,aksu,67,CN,1586610547,12,41.12,80.26,72.77,6.49
306,yeppoon,98,AU,1586611284,78,-23.13,150.73,75.2,5.82
307,sao joao da barra,13,IN,1586611284,9,20.51,76.21,98.74,2.3
308,esperance,17,AU,1586610773,64,-33.87,121.9,69.8,12.75
309,nome,20,US,1586610773,92,64.5,-165.41,21.2,10.29
310,caravelas,48,BR,1586610824,81,-17.71,-39.25,80.08,9.64
311,nishihara,90,JP,1586611284,83,26.18,127.76,69.8,4.7
312,koping,51,SE,1586611154,37,59.51,15.99,57.0,6.93
313,luganville,20,VU,1586610798,58,-15.53,167.17,86.0,1.12
314,beaverlodge,5,CA,1586611285,66,55.22,-119.44,12.2,5.82
315,selma,23,US,1586611285,100,36.57,-119.61,53.01,0.74
316,puerto rico,92,ES,1586611285,49,36.59,-6.23,75.2,5.82
317,januaria,46,BR,1586611285,72,-15.48,-44.37,76.75,7.02
318,cascais,20,PT,1586611285,72,38.7,-9.42,68.0,16.11
319,souillac,40,MU,1586610772,69,-20.52,57.52,81.0,13.87
320,bonthe,28,SL,1586610797,64,7.53,-12.51,87.89,8.46
321,port hawkesbury,31,CD,1586611285,50,-7.03,29.76,79.92,9.28
322,gladstone,100,AU,1586611285,83,-23.85,151.25,77.0,4.7
323,nhulunbuy,40,AU,1586611285,88,-12.23,136.77,78.8,5.82
324,amalapuram,1,IN,1586611286,61,16.58,82.02,86.34,8.16
325,tual,21,ID,1586611286,75,-5.67,132.75,84.42,4.72
326,erenhot,0,CN,1586611286,24,43.65,111.98,49.98,7.56
327,raga,90,SS,1586611286,14,8.46,25.68,95.86,5.77
328,tessalit,0,ML,1586610774,6,20.2,1.01,103.1,13.02
329,evensk,25,RU,1586611286,90,61.95,159.23,3.94,5.64
330,belokurikha,3,RU,1586611286,76,52.0,84.99,38.55,4.83
331,farafangana,13,MG,1586611286,81,-22.82,47.83,78.31,10.8
332,manokwari,39,ID,1586610821,74,-0.87,134.08,81.37,5.7
333,ouadda,99,CF,1586611286,24,8.08,22.4,93.11,5.44
334,filadelfia,40,US,1586611170,41,39.95,-75.16,46.4,13.87
335,goderich,27,CA,1586610820,72,43.75,-81.72,39.0,8.9
336,san juan,35,ML,1586611278,18,13.3,-4.9,102.65,7.7
337,vikulovo,0,RU,1586611287,58,56.82,70.61,52.43,8.1
338,galesong,75,ID,1586610828,100,-5.32,119.37,77.0,3.36
339,bollnas,76,SE,1586611287,37,61.35,16.39,51.01,1.99
340,petropavlovsk-kamchatskiy,75,RU,1586610826,95,53.05,158.65,32.0,8.95
341,srednekolymsk,61,RU,1586610772,94,67.45,153.68,18.57,4.97
342,pangkalanbuun,99,ID,1586611071,85,-2.68,111.62,78.93,2.35
343,erzin,20,TR,1586611287,28,36.96,36.2,75.2,16.11
344,coihaique,40,CL,1586611287,70,-45.58,-72.07,44.6,3.36
345,machinga,36,MW,1586611287,44,-15.17,35.3,80.62,5.61
346,lagoa,14,PT,1586610824,71,39.05,-27.98,61.14,8.97
347,ostrovnoy,99,RU,1586610835,94,68.05,39.51,26.91,13.87
348,san andres,35,ML,1586611287,18,13.3,-4.9,102.65,7.7
349,mae sai,35,CN,1586611287,32,34.82,108.93,57.2,8.95
350,baykit,58,RU,1586611288,82,61.67,96.37,34.43,4.74
351,kardamas,0,GR,1586611288,43,37.77,21.33,71.6,9.17
352,carauari,71,BR,1586611288,79,-4.88,-66.9,76.84,0.69
353,khuzdar,99,PK,1586611288,13,27.74,66.64,85.57,4.81
354,kargil,2,IN,1586611288,16,34.57,76.1,39.94,4.65
355,vagay,0,RU,1586611288,61,57.94,69.02,52.36,5.91
356,makasar,40,ID,1586611086,100,-5.14,119.42,77.0,6.93
357,toyooka,75,JP,1586611288,71,35.53,134.83,50.0,2.24
358,anopino,100,RU,1586611288,58,55.7,40.67,43.07,5.35
359,houma,1,US,1586610784,72,29.6,-90.72,66.2,5.82
360,vao,14,NC,1586610819,77,-22.67,167.48,75.31,16.62
361,sobolevo,95,RU,1586611288,57,54.43,31.9,42.58,13.85
362,kutum,66,SD,1586611289,7,14.2,24.67,91.65,9.53
363,aklavik,20,CA,1586610851,76,68.22,-135.01,-4.0,4.72
364,ust-kut,100,RU,1586611289,80,56.79,105.77,36.09,3.44
365,marion,90,US,1586611200,56,39.77,-86.16,46.4,3.36
366,vrises,0,GR,1586611289,40,35.49,23.89,69.8,5.82
367,dubno,7,UA,1586611289,15,50.42,25.73,57.2,11.18
368,araguaina,100,BR,1586611289,80,-7.19,-48.21,75.92,1.95
369,tigil,4,RU,1586610837,93,57.8,158.67,11.89,3.06
370,halifax,75,CA,1586611105,74,44.65,-63.57,42.01,18.34
371,nuevo laredo,75,US,1586611289,93,33.8,-117.15,53.6,3.36
372,panacan,40,PH,1586611289,70,9.25,118.41,86.0,6.93
373,pacific grove,1,US,1586610787,49,38.48,-90.74,53.01,5.82
374,bengkulu,45,ID,1586610789,76,-3.8,102.27,81.36,5.32
375,yumbe,37,UG,1586611290,29,3.47,31.25,90.37,4.54
376,kongolo,24,CD,1586611290,61,-5.38,27.0,83.77,6.38
377,innisfail,85,AU,1586611290,86,-17.53,146.03,73.38,2.89
378,longyearbyen,20,SJ,1586610803,59,78.22,15.64,3.2,4.88
379,peski,100,RU,1586611290,44,55.22,38.76,42.8,17.9
380,moose factory,75,US,1586611290,41,43.66,-110.72,37.4,3.36
381,biak,15,ID,1586610828,65,-0.91,122.88,82.33,6.58
382,nynashamn,21,SE,1586611042,37,58.9,17.95,51.01,3.36
383,simbahan,5,PH,1586611290,68,6.3,120.58,83.21,0.43
384,lompoc,90,US,1586610820,87,34.64,-120.46,53.6,11.41
385,harper,39,LR,1586611290,73,4.38,-7.72,84.7,4.29
386,baley,0,RU,1586611291,31,51.6,116.63,46.72,2.44
387,isangel,40,VU,1586610772,83,-19.55,169.27,73.4,8.95
388,xichang,83,CN,1586611291,40,27.9,102.26,59.29,5.17
389,roald,100,NO,1586611291,81,62.58,6.13,46.0,8.05
390,kysyl-syr,100,RU,1586611291,91,63.9,122.76,32.52,6.8
391,kajaani,2,FI,1586611291,47,64.23,27.73,35.6,13.87
392,margate,20,GB,1586610773,55,51.38,1.39,71.01,8.05
393,lethem,100,GY,1586611291,73,3.38,-59.8,78.08,9.84
394,bayevo,26,RU,1586611291,72,53.28,80.77,42.08,7.27
395,aksarka,99,RU,1586610807,96,66.56,67.8,31.37,15.97
396,riyadh,75,SA,1586610832,13,24.69,46.72,93.2,8.05
397,grand river south east,1,US,1586610803,37,38.88,-109.5,39.0,1.9
398,atasu,74,KZ,1586611291,34,48.68,71.64,52.36,12.97
399,godda,2,IN,1586611292,11,24.83,87.22,97.2,3.51
400,kingsport,1,US,1586611231,60,36.55,-82.56,41.0,0.25
401,berdigestyakh,67,RU,1586611292,95,62.1,126.7,28.8,4.5
402,ostersund,100,SE,1586611292,51,63.18,14.64,39.2,10.29
403,panguna,92,PG,1586611292,82,-6.32,155.48,71.96,1.66
404,gogrial,58,SS,1586611292,24,8.53,28.1,100.04,4.68
405,sao miguel do araguaia,13,IN,1586611292,9,20.51,76.21,98.74,2.3
406,yatou,0,CN,1586611292,64,37.15,122.38,46.06,8.21
407,zyryanka,90,RU,1586610822,95,65.75,150.85,22.37,9.19
408,ploemeur,0,FR,1586611292,68,47.73,-3.43,75.2,8.05
409,saint-augustin,99,CA,1586611292,96,51.23,-58.65,32.36,10.38
410,ankang,21,CN,1586611292,33,32.68,109.02,55.9,4.41
411,carnarvon,40,AU,1586610675,78,-24.87,113.63,78.8,12.75
412,wladyslawowo,7,PL,1586611293,30,54.79,18.4,55.4,5.82
413,buraydah,75,SA,1586610820,26,26.33,43.98,82.4,5.82
414,axim,87,GH,1586610827,71,4.87,-2.24,86.65,5.5
415,khilok,0,RU,1586611293,32,51.37,110.47,47.77,2.1
416,pingliang,0,CN,1586611293,24,35.54,106.69,48.07,6.71
417,gushikawa,75,JP,1586611293,88,26.35,127.87,69.8,11.41
418,sirjan,99,IR,1586611293,15,29.45,55.68,74.86,29.39
419,belmonte,40,BR,1586611293,83,-15.86,-38.88,80.6,3.36
420,hudson bay,1,US,1586611293,51,40.72,-74.07,44.01,11.41
421,sandviken,34,SE,1586611293,34,60.62,16.77,51.01,5.99
422,conde,75,BR,1586610805,70,-7.26,-34.91,86.0,10.29
423,port blair,31,CD,1586610802,50,-7.03,29.76,79.92,9.28
424,pierre,90,US,1586611284,86,44.37,-100.35,42.01,5.82
425,laguna,20,US,1586610793,87,38.42,-121.42,52.0,5.82
426,lata,75,PT,1586610855,72,40.16,-8.33,64.0,6.93
427,yar-sale,100,RU,1586610834,98,66.83,70.83,36.27,18.05
428,pochutla,40,MX,1586611294,78,15.74,-96.47,75.2,7.38
429,praia da vitoria,20,CV,1586611294,40,14.92,-23.51,86.0,19.46
430,vanimo,91,PG,1586611294,81,-2.67,141.3,81.0,2.42
431,kpandae,75,GH,1586611083,31,8.47,-0.01,96.75,7.72
432,culpeper,1,US,1586611294,42,38.5,-77.97,50.0,8.05
433,cananea,0,MX,1586611294,70,30.95,-110.3,43.0,5.01
434,najran,40,SA,1586610818,16,17.49,44.13,96.8,9.17
435,kedrovyy,1,RU,1586611294,41,56.17,91.82,39.2,2.24
436,kendari,94,ID,1586611294,89,-3.94,122.5,77.49,2.33
437,olinda,40,BR,1586611294,66,-8.01,-34.86,87.8,6.93
438,silvan,75,TR,1586611295,59,38.14,41.01,62.6,3.36
439,camabatela,93,AO,1586611295,55,-8.19,15.38,75.72,4.27
440,araouane,0,ML,1586611264,6,18.9,-3.53,103.28,4.03
441,bogorodskoye,99,RU,1586611295,66,56.55,37.88,38.46,14.32
442,novolabinskaya,82,RU,1586611295,60,45.11,39.89,57.2,13.42
443,vila velha,90,PT,1586610835,87,42.03,-8.16,68.0,1.12
444,mount gambier,75,GB,1586610779,59,53.66,-1.85,73.0,9.17
445,zemio,93,CF,1586611295,48,5.03,25.14,90.05,0.81
446,hirara,94,JP,1586610823,85,24.8,125.28,71.62,7.92
447,tabory,0,RU,1586611295,68,58.52,64.55,50.34,7.9
448,moree,28,AU,1586611295,63,-29.47,149.85,62.6,14.99
449,bara,98,NG,1586611296,11,10.37,10.73,95.9,7.72
450,santo amaro,100,EC,1586611296,91,-0.59,-80.0,70.79,1.77
451,port hardy,31,CD,1586610809,50,-7.03,29.76,79.92,9.28
452,mporokoso,50,ZM,1586611296,45,-9.37,30.12,75.36,6.26
453,tecoanapa,35,MX,1586611266,75,16.52,-98.75,74.23,3.51
454,portland,40,US,1586610755,81,45.52,-122.68,46.99,2.66
455,kloulklubed,75,PW,1586610824,88,7.04,134.26,78.8,5.82
456,qingdao,22,CN,1586611296,49,36.1,120.37,50.0,2.24
457,kualakapuas,90,ID,1586611296,100,-3.01,114.39,77.0,4.7
458,honiara,40,SB,1586611296,100,-9.43,159.95,77.0,2.24
459,salekhard,79,RU,1586611296,95,66.53,66.6,29.53,14.99
460,eydhafushi,29,MV,1586611296,66,5.1,73.07,85.37,5.32
461,cockburn town,0,AU,1586610840,41,-32.08,141.0,59.0,11.41
462,shiraz,90,IR,1586611285,32,29.6,52.54,69.8,25.28
463,vigia del fuerte,75,BR,1586611297,79,-0.86,-48.14,84.2,8.05
464,quimper,0,FR,1586611297,50,48.0,-4.1,75.2,9.17
465,moussoro,98,TD,1586611297,8,13.64,16.49,99.86,20.24
466,samur,83,RU,1586611297,63,41.83,48.49,52.0,7.34
467,tukrah,0,LY,1586611297,49,32.53,20.58,64.67,11.45
468,kodinsk,83,RU,1586611227,75,58.69,99.18,37.27,4.03
469,valdivia,75,CL,1586611294,100,-39.81,-73.25,50.0,2.24
470,destin,1,US,1586611297,50,30.39,-86.5,57.2,9.17
471,prince rupert,90,CA,1586610819,79,52.97,-108.38,21.2,17.22
472,sabha,0,LY,1586611298,15,27.04,14.43,81.28,6.76
473,iqaluit,90,CA,1586610843,85,63.75,-68.51,17.01,3.36
474,usolye,100,RU,1586611298,99,59.43,56.68,44.01,1.01
475,mumbwa,100,ZM,1586611298,45,-14.98,27.06,75.4,6.51
476,jiazi,96,CN,1586611298,89,22.88,116.07,72.16,4.03
477,avera,1,US,1586610803,61,33.19,-82.53,53.6,4.7
478,saint-francois,0,FR,1586610789,27,46.42,3.91,78.01,3.36
479,banyo,100,CM,1586611298,57,6.75,11.82,69.78,3.33
480,canto do buriti,0,BR,1586611007,60,-27.59,-48.59,71.01,3.36
481,siena,0,IT,1586611298,36,43.22,11.4,77.0,4.7
482,werda,0,BW,1586611298,25,-25.27,23.28,82.94,9.78
483,beoumi,80,CI,1586611299,46,7.67,-5.58,91.56,4.94
484,lorengau,82,PG,1586610837,74,-2.02,147.27,83.08,1.59
485,opuwo,54,NA,1586610832,28,-18.06,13.84,85.95,14.07
486,zhanakorgan,12,KZ,1586611299,24,43.91,67.25,72.79,13.44
487,alofi,77,NU,1586610815,100,-19.06,-169.92,68.0,2.24
488,belyy yar,99,RU,1586611299,57,55.84,32.94,41.88,12.3
489,richmond,1,US,1586611074,42,37.55,-77.46,48.2,8.05
490,mahibadhoo,20,MV,1586611299,65,3.78,72.97,85.23,3.02
491,batsfjord,100,NO,1586611299,92,70.63,29.72,27.95,9.55
492,kharp,92,RU,1586611299,93,66.8,65.81,28.58,11.03
493,gua musang,11,IN,1586611300,10,22.2,85.38,95.2,4.43
494,priiskovyy,0,RU,1586611300,30,51.93,116.63,52.38,3.87
495,tongliao,0,CN,1586611300,36,43.61,122.27,50.27,10.29
496,lincoln,75,US,1586611190,70,40.8,-96.67,48.0,4.7
497,praia,20,CV,1586611118,54,14.92,-23.51,82.4,19.46
498,kaseda,100,JP,1586611300,82,31.42,130.32,55.4,4.7
499,laibin,79,CN,1586611300,71,23.7,109.27,63.59,19.95
500,elizabeth city,20,US,1586611107,38,40.66,-74.21,45.0,17.22
501,flin flon,11,FR,1586610832,33,48.5,6.66,75.2,5.82
502,lincolnwood,75,US,1586611206,68,42.0,-87.73,46.99,6.93
503,inuvik,20,CA,1586610836,76,68.35,-133.72,-4.0,6.6
504,lamar,1,US,1586610826,76,33.67,-95.58,57.2,9.17
505,kidodi,79,TZ,1586611300,66,-7.6,37.0,82.15,6.38
506,pleshanovo,77,RU,1586611301,40,52.83,53.48,53.42,13.35
507,kargasok,80,RU,1586611301,87,59.06,80.86,38.91,8.16
508,kaili,99,ID,1586611301,75,-3.46,120.21,71.98,2.3
509,phan thiet,88,TH,1586611301,65,19.55,99.74,84.0,3.36
510,carstairs,90,CA,1586611301,85,51.57,-114.1,23.0,16.11
511,nalut,11,LY,1586611301,17,30.33,10.85,81.19,4.92
512,yeniseysk,13,RU,1586611301,75,58.45,92.17,37.83,2.08
513,palana,3,RU,1586611159,89,59.12,159.97,9.16,5.37
514,barinas,99,VE,1586611301,75,8.62,-70.21,77.9,3.0
515,along,12,IN,1586610791,41,28.17,94.77,73.15,0.63
516,leh,40,IN,1586610825,13,34.17,77.58,42.73,4.09
517,fairbanks,20,US,1586610791,92,64.84,-147.72,21.99,4.7
518,makakilo city,90,US,1586611301,94,21.35,-158.09,77.0,3.36
519,cap malheureux,0,FR,1586611302,33,49.27,-1.21,75.2,5.82
520,basco,26,PH,1586610807,71,20.45,121.97,76.17,2.93
521,melo,1,UY,1586611302,83,-32.37,-54.18,60.33,5.06
522,emirdag,0,TR,1586611302,24,39.02,31.15,58.3,12.84
523,hobyo,23,SO,1586611302,55,5.35,48.53,87.48,12.15
524,bud,90,US,1586611302,70,39.45,-86.18,46.4,6.29
525,san fernando,35,ML,1586611302,18,13.3,-4.9,102.65,7.7
526,sechura,100,PE,1586611302,78,-5.56,-80.82,73.38,9.04
527,saint-pierre,40,RE,1586611302,65,-21.34,55.48,80.6,26.4
528,yamada,20,JP,1586611302,71,39.47,141.95,40.37,4.54
529,rassvet,81,RU,1586611302,47,46.83,40.75,53.85,16.69
530,dubbo,0,AU,1586611303,66,-32.25,148.62,53.6,12.75
531,boende,82,CD,1586611303,39,-0.22,20.87,93.92,3.31
532,tevaitoa,85,PF,1586611303,72,-16.78,-151.5,83.66,8.79
533,koslan,89,RU,1586611303,87,63.46,48.9,30.74,4.38
534,pachmarhi,47,IN,1586611303,10,22.47,78.43,91.38,2.08
535,gornopravdinsk,46,RU,1586610834,78,60.05,69.9,46.94,8.39
536,yaya,34,RU,1586611303,86,56.21,86.44,38.44,5.95
537,charters towers,90,US,1586610802,74,38.57,-83.43,41.0,5.82
538,dongsheng,0,CN,1586611303,25,39.82,109.98,45.16,6.08
539,gimli,70,CA,1586611219,72,50.63,-96.99,30.0,10.0
540,cidreira,26,BR,1586610797,76,-30.18,-50.21,65.05,6.89
541,mount darwin,75,GB,1586611304,59,53.66,-1.85,73.0,9.17
542,changping,0,CN,1586611304,14,40.22,116.22,63.0,11.18
543,pangody,100,RU,1586610783,97,65.85,74.49,36.68,20.67
544,san carlos de bariloche,35,ML,1586610778,18,13.3,-4.9,102.65,7.7
545,alamosa,1,US,1586611204,52,37.47,-105.87,32.0,3.36
546,moerai,100,PF,1586611304,86,-22.43,-151.33,81.3,7.92
547,pringsewu,15,ID,1586610855,83,-5.36,104.97,77.83,1.01
548,peniche,40,PT,1586611304,63,39.36,-9.38,70.0,8.05
549,svetlogorsk,12,BY,1586611304,48,52.63,29.73,46.49,17.2
550,narrabri,1,AU,1586611304,82,-30.32,149.78,62.01,5.82
551,mamburao,26,PH,1586611304,71,13.25,120.67,79.29,2.73
552,waitati,20,NZ,1586611304,93,-45.75,170.57,50.0,3.0
553,vuktyl,100,RU,1586611305,94,63.86,57.31,28.87,3.56
554,salinas,90,US,1586611122,76,36.68,-121.66,55.99,2.73
